MEME version 4.4

ALPHABET= ACGT

strands: + -

Background letter frequencies (from uniform background):
A 0.25000 C 0.25000 G 0.25000 T 0.25000 

MOTIF MA0004.1 Arnt

letter-probability matrix: alength= 4 w= 6 nsites= 20 E= 0
  0.200000	  0.800000	  0.000000	  0.000000	
  0.950000	  0.000000	  0.050000	  0.000000	
  0.000000	  1.000000	  0.000000	  0.000000	
  0.000000	  0.000000	  1.000000	  0.000000	
  0.000000	  0.000000	  0.000000	  1.000000	
  0.000000	  0.000000	  1.000000	  0.000000	

URL http://jaspar.genereg.net?ID=MA0004.1&rm=present&collection=CORE

MOTIF MA0006.1 Arnt::Ahr

letter-probability matrix: alength= 4 w= 6 nsites= 24 E= 0
  0.125000	  0.333333	  0.083333	  0.458333	
  0.000000	  0.000000	  0.958333	  0.041667	
  0.000000	  0.958333	  0.000000	  0.041667	
  0.000000	  0.000000	  0.958333	  0.041667	
  0.000000	  0.000000	  0.000000	  1.000000	
  0.000000	  0.000000	  1.000000	  0.000000	

URL http://jaspar.genereg.net?ID=MA0006.1&rm=present&collection=CORE

MOTIF MA0009.1 T

letter-probability matrix: alength= 4 w= 11 nsites= 40 E= 0
  0.050000	  0.700000	  0.200000	  0.050000	
  0.025000	  0.025000	  0.000000	  0.950000	
  1.000000	  0.000000	  0.000000	  0.000000	
  0.000000	  0.000000	  1.000000	  0.000000	
  0.000000	  0.000000	  1.000000	  0.000000	
  0.000000	  0.000000	  0.000000	  1.000000	
  0.000000	  0.000000	  1.000000	  0.000000	
  0.000000	  0.050000	  0.000000	  0.950000	
  0.025000	  0.175000	  0.700000	  0.100000	
  1.000000	  0.000000	  0.000000	  0.000000	
  0.775000	  0.125000	  0.000000	  0.100000	

URL http://jaspar.genereg.net?ID=MA0009.1&rm=present&collection=CORE

MOTIF MA0017.1 NR2F1

letter-probability matrix: alength= 4 w= 14 nsites= 13 E= 0
  0.000000	  0.000000	  0.153846	  0.846154	
  0.076923	  0.000000	  0.923077	  0.000000	
  0.923077	  0.000000	  0.076923	  0.000000	
  0.461538	  0.538462	  0.000000	  0.000000	
  0.000000	  1.000000	  0.000000	  0.000000	
  0.000000	  0.230769	  0.000000	  0.769231	
  0.000000	  0.153846	  0.000000	  0.846154	
  0.076923	  0.000000	  0.000000	  0.923077	
  0.153846	  0.000000	  0.846154	  0.000000	
  0.461538	  0.307692	  0.230769	  0.000000	
  0.461538	  0.384615	  0.076923	  0.076923	
  0.076923	  0.769231	  0.076923	  0.076923	
  0.230769	  0.461538	  0.000000	  0.307692	
  0.000000	  0.230769	  0.230769	  0.538462	

URL http://jaspar.genereg.net?ID=MA0017.1&rm=present&collection=CORE

MOTIF MA0019.1 Ddit3::Cebpa

letter-probability matrix: alength= 4 w= 12 nsites= 39 E= 0
  0.358974	  0.179487	  0.307692	  0.153846	
  0.282051	  0.179487	  0.358974	  0.179487	
  0.461538	  0.076923	  0.384615	  0.076923	
  0.000000	  0.025641	  0.000000	  0.974359	
  0.000000	  0.000000	  0.974359	  0.025641	
  0.102564	  0.846154	  0.000000	  0.051282	
  0.974359	  0.025641	  0.000000	  0.000000	
  0.923077	  0.051282	  0.025641	  0.000000	
  0.000000	  0.153846	  0.000000	  0.846154	
  0.358974	  0.435897	  0.128205	  0.076923	
  0.102564	  0.589744	  0.230769	  0.076923	
  0.000000	  0.666667	  0.153846	  0.179487	

URL http://jaspar.genereg.net?ID=MA0019.1&rm=present&collection=CORE

MOTIF MA0025.1 NFIL3

letter-probability matrix: alength= 4 w= 11 nsites= 23 E= 0
  0.043478	  0.000000	  0.000000	  0.956522	
  0.000000	  0.000000	  0.086957	  0.913043	
  0.956522	  0.000000	  0.000000	  0.043478	
  0.000000	  0.347826	  0.000000	  0.652174	
  0.086957	  0.000000	  0.913043	  0.000000	
  0.000000	  0.000000	  0.000000	  1.000000	
  1.000000	  0.000000	  0.000000	  0.000000	
  0.956522	  0.000000	  0.043478	  0.000000	
  0.000000	  0.478261	  0.173913	  0.347826	
  0.304348	  0.217391	  0.304348	  0.173913	
  0.217391	  0.217391	  0.130435	  0.434783	

URL http://jaspar.genereg.net?ID=MA0025.1&rm=present&collection=CORE

MOTIF MA0027.1 En1

letter-probability matrix: alength= 4 w= 11 nsites= 10 E= 0
  0.400000	  0.100000	  0.200000	  0.300000	
  0.500000	  0.200000	  0.200000	  0.100000	
  0.300000	  0.000000	  0.700000	  0.000000	
  0.000000	  0.000000	  0.200000	  0.800000	
  0.400000	  0.000000	  0.300000	  0.300000	
  0.300000	  0.000000	  0.700000	  0.000000	
  0.300000	  0.000000	  0.000000	  0.700000	
  0.200000	  0.100000	  0.400000	  0.300000	
  0.100000	  0.300000	  0.300000	  0.300000	
  0.100000	  0.400000	  0.100000	  0.400000	
  0.100000	  0.600000	  0.100000	  0.200000	

URL http://jaspar.genereg.net?ID=MA0027.1&rm=present&collection=CORE

MOTIF MA0028.1 ELK1

letter-probability matrix: alength= 4 w= 10 nsites= 28 E= 0
  0.250000	  0.250000	  0.357143	  0.142857	
  0.357143	  0.214286	  0.214286	  0.214286	
  0.321429	  0.142857	  0.357143	  0.178571	
  0.178571	  0.678571	  0.035714	  0.107143	
  0.071429	  0.857143	  0.035714	  0.035714	
  0.000000	  0.000000	  0.857143	  0.142857	
  0.035714	  0.000000	  0.964286	  0.000000	
  0.964286	  0.000000	  0.035714	  0.000000	
  0.750000	  0.178571	  0.000000	  0.071429	
  0.464286	  0.000000	  0.500000	  0.035714	

URL http://jaspar.genereg.net?ID=MA0028.1&rm=present&collection=CORE

MOTIF MA0029.1 Mecom

letter-probability matrix: alength= 4 w= 14 nsites= 27 E= 0
  0.518519	  0.074074	  0.222222	  0.185185	
  0.740741	  0.037037	  0.074074	  0.148148	
  0.000000	  0.037037	  0.925926	  0.037037	
  1.000000	  0.000000	  0.000000	  0.000000	
  0.037037	  0.370370	  0.000000	  0.592593	
  1.000000	  0.000000	  0.000000	  0.000000	
  0.962963	  0.000000	  0.037037	  0.000000	
  0.000000	  0.000000	  1.000000	  0.000000	
  1.000000	  0.000000	  0.000000	  0.000000	
  0.000000	  0.111111	  0.000000	  0.888889	
  0.888889	  0.037037	  0.000000	  0.074074	
  0.851852	  0.000000	  0.148148	  0.000000	
  0.222222	  0.259259	  0.259259	  0.259259	
  0.555556	  0.222222	  0.111111	  0.111111	

URL http://jaspar.genereg.net?ID=MA0029.1&rm=present&collection=CORE

MOTIF MA0030.1 FOXF2

letter-probability matrix: alength= 4 w= 14 nsites= 27 E= 0
  0.037037	  0.370370	  0.259259	  0.333333	
  0.370370	  0.259259	  0.185185	  0.185185	
  0.629630	  0.148148	  0.074074	  0.148148	
  0.464286	  0.178571	  0.178571	  0.178571	
  0.136364	  0.500000	  0.363636	  0.000000	
  0.259259	  0.000000	  0.740741	  0.000000	
  0.000000	  0.000000	  0.000000	  1.000000	
  1.000000	  0.000000	  0.000000	  0.000000	
  1.000000	  0.000000	  0.000000	  0.000000	
  1.000000	  0.000000	  0.000000	  0.000000	
  0.000000	  0.925926	  0.000000	  0.074074	
  1.000000	  0.000000	  0.000000	  0.000000	
  0.592593	  0.148148	  0.074074	  0.185185	
  0.259259	  0.148148	  0.222222	  0.370370	

URL http://jaspar.genereg.net?ID=MA0030.1&rm=present&collection=CORE

MOTIF MA0031.1 FOXD1

letter-probability matrix: alength= 4 w= 8 nsites= 20 E= 0
  0.050000	  0.050000	  0.850000	  0.050000	
  0.000000	  0.000000	  0.000000	  1.000000	
  0.950000	  0.050000	  0.000000	  0.000000	
  1.000000	  0.000000	  0.000000	  0.000000	
  0.900000	  0.050000	  0.050000	  0.000000	
  0.050000	  0.900000	  0.000000	  0.050000	
  1.000000	  0.000000	  0.000000	  0.000000	
  0.350000	  0.100000	  0.150000	  0.400000	

URL http://jaspar.genereg.net?ID=MA0031.1&rm=present&collection=CORE

MOTIF MA0032.1 FOXC1

letter-probability matrix: alength= 4 w= 8 nsites= 16 E= 0
  0.250000	  0.250000	  0.312500	  0.187500	
  0.125000	  0.312500	  0.375000	  0.187500	
  0.250000	  0.250000	  0.187500	  0.312500	
  0.375000	  0.250000	  0.312500	  0.062500	
  0.437500	  0.187500	  0.125000	  0.250000	
  0.000000	  0.000000	  1.000000	  0.000000	
  0.000000	  0.000000	  0.000000	  1.000000	
  1.000000	  0.000000	  0.000000	  0.000000	

URL http://jaspar.genereg.net?ID=MA0032.1&rm=present&collection=CORE

MOTIF MA0033.1 FOXL1

letter-probability matrix: alength= 4 w= 8 nsites= 23 E= 0
  0.304348	  0.043478	  0.173913	  0.478261	
  0.434783	  0.173913	  0.086957	  0.304348	
  0.260870	  0.130435	  0.260870	  0.347826	
  0.565217	  0.173913	  0.173913	  0.086957	
  0.173913	  0.434783	  0.086957	  0.304348	
  0.913043	  0.000000	  0.086957	  0.000000	
  0.000000	  0.086957	  0.000000	  0.913043	
  0.956522	  0.043478	  0.000000	  0.000000	

URL http://jaspar.genereg.net?ID=MA0033.1&rm=present&collection=CORE

MOTIF MA0038.1 Gfi1

letter-probability matrix: alength= 4 w= 10 nsites= 53 E= 0
  0.169811	  0.377358	  0.169811	  0.283019	
  0.528302	  0.301887	  0.132075	  0.037736	
  1.000000	  0.000000	  0.000000	  0.000000	
  1.000000	  0.000000	  0.000000	  0.000000	
  0.018868	  0.000000	  0.018868	  0.962264	
  0.018868	  0.981132	  0.000000	  0.000000	
  0.584906	  0.132075	  0.037736	  0.245283	
  0.150943	  0.528302	  0.207547	  0.113208	
  0.358491	  0.207547	  0.037736	  0.396226	
  0.132075	  0.245283	  0.528302	  0.094340	

URL http://jaspar.genereg.net?ID=MA0038.1&rm=present&collection=CORE

MOTIF MA0040.1 Foxq1

letter-probability matrix: alength= 4 w= 11 nsites= 18 E= 0
  0.222222	  0.222222	  0.166667	  0.388889	
  0.722222	  0.055556	  0.166667	  0.055556	
  0.277778	  0.111111	  0.000000	  0.611111	
  0.166667	  0.000000	  0.000000	  0.833333	
  0.000000	  0.000000	  1.000000	  0.000000	
  0.000000	  0.000000	  0.000000	  1.000000	
  0.000000	  0.000000	  0.000000	  1.000000	
  0.000000	  0.000000	  0.000000	  1.000000	
  0.944444	  0.000000	  0.055556	  0.000000	
  0.000000	  0.055556	  0.222222	  0.722222	
  0.333333	  0.000000	  0.166667	  0.500000	

URL http://jaspar.genereg.net?ID=MA0040.1&rm=present&collection=CORE

MOTIF MA0041.1 Foxd3

letter-probability matrix: alength= 4 w= 12 nsites= 47 E= 0
  0.234043	  0.063830	  0.553191	  0.148936	
  0.638298	  0.042553	  0.000000	  0.319149	
  0.510638	  0.021277	  0.000000	  0.468085	
  0.021277	  0.085106	  0.000000	  0.893617	
  0.255319	  0.000000	  0.723404	  0.021277	
  0.000000	  0.000000	  0.000000	  1.000000	
  0.021277	  0.000000	  0.000000	  0.978723	
  0.106383	  0.000000	  0.212766	  0.680851	
  0.297872	  0.000000	  0.446809	  0.255319	
  0.127660	  0.148936	  0.000000	  0.723404	
  0.021277	  0.042553	  0.085106	  0.851064	
  0.000000	  0.255319	  0.000000	  0.744681	

URL http://jaspar.genereg.net?ID=MA0041.1&rm=present&collection=CORE

MOTIF MA0042.1 FOXI1

letter-probability matrix: alength= 4 w= 12 nsites= 31 E= 0
  0.193548	  0.032258	  0.451613	  0.322581	
  0.129032	  0.258065	  0.387097	  0.225806	
  0.354839	  0.129032	  0.258065	  0.258065	
  0.000000	  0.000000	  0.000000	  1.000000	
  0.419355	  0.000000	  0.580645	  0.000000	
  0.000000	  0.000000	  0.000000	  1.000000	
  0.000000	  0.000000	  0.000000	  1.000000	
  0.000000	  0.000000	  0.000000	  1.000000	
  0.483871	  0.000000	  0.516129	  0.000000	
  0.000000	  0.000000	  0.225806	  0.774194	
  0.258065	  0.032258	  0.129032	  0.580645	
  0.064516	  0.032258	  0.129032	  0.774194	

URL http://jaspar.genereg.net?ID=MA0042.1&rm=present&collection=CORE

MOTIF MA0043.1 HLF

letter-probability matrix: alength= 4 w= 12 nsites= 18 E= 0
  0.055556	  0.222222	  0.444444	  0.277778	
  0.333333	  0.000000	  0.666667	  0.000000	
  0.055556	  0.000000	  0.000000	  0.944444	
  0.000000	  0.000000	  0.166667	  0.833333	
  0.722222	  0.055556	  0.111111	  0.111111	
  0.000000	  0.833333	  0.055556	  0.111111	
  0.333333	  0.000000	  0.666667	  0.000000	
  0.000000	  0.500000	  0.000000	  0.500000	
  0.722222	  0.222222	  0.055556	  0.000000	
  0.833333	  0.000000	  0.055556	  0.111111	
  0.111111	  0.166667	  0.055556	  0.666667	
  0.277778	  0.277778	  0.166667	  0.277778	

URL http://jaspar.genereg.net?ID=MA0043.1&rm=present&collection=CORE

MOTIF MA0046.1 HNF1A

letter-probability matrix: alength= 4 w= 14 nsites= 21 E= 0
  0.238095	  0.000000	  0.666667	  0.095238	
  0.047619	  0.000000	  0.952381	  0.000000	
  0.047619	  0.000000	  0.000000	  0.952381	
  0.047619	  0.000000	  0.000000	  0.952381	
  0.952381	  0.000000	  0.000000	  0.047619	
  0.761905	  0.095238	  0.047619	  0.095238	
  0.047619	  0.000000	  0.000000	  0.952381	
  0.380952	  0.095238	  0.190476	  0.333333	
  0.666667	  0.000000	  0.047619	  0.285714	
  0.095238	  0.000000	  0.000000	  0.904762	
  0.000000	  0.190476	  0.000000	  0.809524	
  0.619048	  0.047619	  0.142857	  0.190476	
  0.380952	  0.380952	  0.142857	  0.095238	
  0.238095	  0.619048	  0.000000	  0.142857	

URL http://jaspar.genereg.net?ID=MA0046.1&rm=present&collection=CORE

MOTIF MA0048.1 NHLH1

letter-probability matrix: alength= 4 w= 12 nsites= 54 E= 0
  0.240741	  0.240741	  0.314815	  0.203704	
  0.240741	  0.722222	  0.037037	  0.000000	
  0.055556	  0.092593	  0.685185	  0.166667	
  0.018519	  0.981481	  0.000000	  0.000000	
  1.000000	  0.000000	  0.000000	  0.000000	
  0.018519	  0.018519	  0.962963	  0.000000	
  0.018519	  0.925926	  0.055556	  0.000000	
  0.018519	  0.018519	  0.000000	  0.962963	
  0.000000	  0.000000	  0.981481	  0.018519	
  0.055556	  0.685185	  0.148148	  0.111111	
  0.037037	  0.000000	  0.685185	  0.277778	
  0.092593	  0.314815	  0.222222	  0.370370	

URL http://jaspar.genereg.net?ID=MA0048.1&rm=present&collection=CORE

MOTIF MA0051.1 IRF2

letter-probability matrix: alength= 4 w= 18 nsites= 12 E= 0
  0.000000	  0.333333	  0.583333	  0.083333	
  0.166667	  0.000000	  0.833333	  0.000000	
  1.000000	  0.000000	  0.000000	  0.000000	
  0.916667	  0.000000	  0.000000	  0.083333	
  1.000000	  0.000000	  0.000000	  0.000000	
  0.166667	  0.000000	  0.833333	  0.000000	
  0.000000	  0.500000	  0.000000	  0.500000	
  0.000000	  0.000000	  1.000000	  0.000000	
  1.000000	  0.000000	  0.000000	  0.000000	
  1.000000	  0.000000	  0.000000	  0.000000	
  1.000000	  0.000000	  0.000000	  0.000000	
  0.000000	  0.500000	  0.500000	  0.000000	
  0.000000	  0.583333	  0.166667	  0.250000	
  0.416667	  0.166667	  0.250000	  0.166667	
  0.500000	  0.000000	  0.166667	  0.333333	
  0.500000	  0.083333	  0.083333	  0.333333	
  0.416667	  0.166667	  0.083333	  0.333333	
  0.250000	  0.500000	  0.083333	  0.166667	

URL http://jaspar.genereg.net?ID=MA0051.1&rm=present&collection=CORE

MOTIF MA0056.1 MZF1_1-4

letter-probability matrix: alength= 4 w= 6 nsites= 20 E= 0
  0.150000	  0.250000	  0.200000	  0.400000	
  0.000000	  0.000000	  0.950000	  0.050000	
  0.100000	  0.000000	  0.900000	  0.000000	
  0.000000	  0.000000	  0.950000	  0.050000	
  0.000000	  0.000000	  1.000000	  0.000000	
  0.900000	  0.000000	  0.100000	  0.000000	

URL http://jaspar.genereg.net?ID=MA0056.1&rm=present&collection=CORE

MOTIF MA0057.1 MZF1_5-13

letter-probability matrix: alength= 4 w= 10 nsites= 16 E= 0
  0.062500	  0.250000	  0.437500	  0.250000	
  0.125000	  0.000000	  0.437500	  0.437500	
  0.937500	  0.062500	  0.000000	  0.000000	
  0.000000	  0.000000	  0.687500	  0.312500	
  0.000000	  0.000000	  0.937500	  0.062500	
  0.000000	  0.125000	  0.875000	  0.000000	
  0.000000	  0.000000	  0.875000	  0.125000	
  0.187500	  0.062500	  0.500000	  0.250000	
  0.625000	  0.000000	  0.250000	  0.125000	
  0.500000	  0.125000	  0.250000	  0.125000	

URL http://jaspar.genereg.net?ID=MA0057.1&rm=present&collection=CORE

MOTIF MA0059.1 MYC::MAX

letter-probability matrix: alength= 4 w= 11 nsites= 21 E= 0
  0.333333	  0.047619	  0.428571	  0.190476	
  0.714286	  0.047619	  0.190476	  0.047619	
  0.095238	  0.428571	  0.428571	  0.047619	
  0.047619	  0.952381	  0.000000	  0.000000	
  1.000000	  0.000000	  0.000000	  0.000000	
  0.000000	  0.952381	  0.000000	  0.047619	
  0.047619	  0.000000	  0.952381	  0.000000	
  0.000000	  0.047619	  0.000000	  0.952381	
  0.000000	  0.000000	  1.000000	  0.000000	
  0.047619	  0.047619	  0.857143	  0.047619	
  0.142857	  0.238095	  0.000000	  0.619048	

URL http://jaspar.genereg.net?ID=MA0059.1&rm=present&collection=CORE

MOTIF MA0063.1 Nkx2-5

letter-probability matrix: alength= 4 w= 7 nsites= 17 E= 0
  0.411765	  0.000000	  0.058824	  0.529412	
  0.000000	  0.235294	  0.000000	  0.764706	
  1.000000	  0.000000	  0.000000	  0.000000	
  1.000000	  0.000000	  0.000000	  0.000000	
  0.000000	  0.000000	  0.411765	  0.588235	
  0.235294	  0.117647	  0.000000	  0.647059	
  0.117647	  0.058824	  0.647059	  0.176471	

URL http://jaspar.genereg.net?ID=MA0063.1&rm=present&collection=CORE

MOTIF MA0066.1 PPARG

letter-probability matrix: alength= 4 w= 20 nsites= 28 E= 0
  0.107143	  0.285714	  0.500000	  0.107143	
  0.107143	  0.000000	  0.000000	  0.892857	
  0.678571	  0.000000	  0.321429	  0.000000	
  0.000000	  0.035714	  0.964286	  0.000000	
  0.035714	  0.000000	  0.928571	  0.035714	
  0.000000	  0.035714	  0.142857	  0.821429	
  0.071429	  0.821429	  0.107143	  0.000000	
  0.928571	  0.035714	  0.000000	  0.035714	
  0.178571	  0.535714	  0.142857	  0.142857	
  0.178571	  0.250000	  0.357143	  0.214286	
  0.142857	  0.071429	  0.642857	  0.142857	
  0.035714	  0.000000	  0.071429	  0.892857	
  0.071429	  0.178571	  0.714286	  0.035714	
  0.785714	  0.178571	  0.000000	  0.035714	
  0.035714	  0.964286	  0.000000	  0.000000	
  0.000000	  0.892857	  0.000000	  0.107143	
  0.107143	  0.428571	  0.000000	  0.464286	
  0.785714	  0.178571	  0.000000	  0.035714	
  0.178571	  0.428571	  0.214286	  0.178571	
  0.250000	  0.000000	  0.035714	  0.714286	

URL http://jaspar.genereg.net?ID=MA0066.1&rm=present&collection=CORE

MOTIF MA0067.1 Pax2

letter-probability matrix: alength= 4 w= 8 nsites= 31 E= 0
  0.322581	  0.225806	  0.161290	  0.290323	
  0.225806	  0.032258	  0.677419	  0.064516	
  0.096774	  0.064516	  0.000000	  0.838710	
  0.000000	  0.903226	  0.032258	  0.064516	
  0.838710	  0.032258	  0.096774	  0.032258	
  0.064516	  0.548387	  0.032258	  0.354839	
  0.064516	  0.000000	  0.612903	  0.322581	
  0.032258	  0.354839	  0.354839	  0.258065	

URL http://jaspar.genereg.net?ID=MA0067.1&rm=present&collection=CORE

MOTIF MA0068.1 Pax4

letter-probability matrix: alength= 4 w= 30 nsites= 21 E= 0
  0.333333	  0.095238	  0.523810	  0.047619	
  0.952381	  0.000000	  0.047619	  0.000000	
  0.761905	  0.095238	  0.047619	  0.095238	
  0.523810	  0.047619	  0.047619	  0.380952	
  0.619048	  0.047619	  0.142857	  0.190476	
  0.523810	  0.142857	  0.047619	  0.285714	
  0.285714	  0.047619	  0.095238	  0.571429	
  0.428571	  0.047619	  0.047619	  0.476190	
  0.238095	  0.142857	  0.285714	  0.333333	
  0.238095	  0.523810	  0.047619	  0.190476	
  0.285714	  0.523810	  0.190476	  0.000000	
  0.333333	  0.333333	  0.238095	  0.095238	
  0.380952	  0.333333	  0.095238	  0.190476	
  0.285714	  0.238095	  0.047619	  0.428571	
  0.476190	  0.238095	  0.190476	  0.095238	
  0.190476	  0.380952	  0.190476	  0.238095	
  0.142857	  0.285714	  0.190476	  0.380952	
  0.333333	  0.380952	  0.142857	  0.142857	
  0.190476	  0.428571	  0.142857	  0.238095	
  0.428571	  0.285714	  0.095238	  0.190476	
  0.238095	  0.333333	  0.238095	  0.190476	
  0.238095	  0.285714	  0.095238	  0.380952	
  0.333333	  0.523810	  0.000000	  0.142857	
  0.285714	  0.428571	  0.047619	  0.238095	
  0.142857	  0.571429	  0.095238	  0.190476	
  0.333333	  0.428571	  0.095238	  0.142857	
  0.142857	  0.571429	  0.095238	  0.190476	
  0.047619	  0.523810	  0.142857	  0.285714	
  0.285714	  0.523810	  0.047619	  0.142857	
  0.142857	  0.619048	  0.095238	  0.142857	

URL http://jaspar.genereg.net?ID=MA0068.1&rm=present&collection=CORE

MOTIF MA0069.1 Pax6

letter-probability matrix: alength= 4 w= 14 nsites= 43 E= 0
  0.046512	  0.093023	  0.093023	  0.767442	
  0.046512	  0.046512	  0.000000	  0.906977	
  0.093023	  0.604651	  0.023256	  0.279070	
  0.906977	  0.046512	  0.023256	  0.023256	
  0.069767	  0.790698	  0.023256	  0.116279	
  0.023256	  0.000000	  0.953488	  0.023256	
  0.023256	  0.860465	  0.093023	  0.023256	
  0.488372	  0.046512	  0.046512	  0.418605	
  0.023256	  0.093023	  0.023256	  0.860465	
  0.046512	  0.325581	  0.581395	  0.046512	
  0.837209	  0.000000	  0.139535	  0.023256	
  0.255814	  0.255814	  0.302326	  0.186047	
  0.023256	  0.116279	  0.069767	  0.790698	
  0.023256	  0.000000	  0.395349	  0.581395	

URL http://jaspar.genereg.net?ID=MA0069.1&rm=present&collection=CORE

MOTIF MA0070.1 PBX1

letter-probability matrix: alength= 4 w= 12 nsites= 18 E= 0
  0.277778	  0.333333	  0.111111	  0.277778	
  0.166667	  0.500000	  0.166667	  0.166667	
  0.888889	  0.055556	  0.055556	  0.000000	
  0.055556	  0.055556	  0.000000	  0.888889	
  0.000000	  1.000000	  0.000000	  0.000000	
  0.944444	  0.055556	  0.000000	  0.000000	
  0.944444	  0.000000	  0.000000	  0.055556	
  0.000000	  0.000000	  0.055556	  0.944444	
  0.000000	  1.000000	  0.000000	  0.000000	
  0.888889	  0.055556	  0.000000	  0.055556	
  0.666667	  0.000000	  0.055556	  0.277778	
  0.444444	  0.111111	  0.111111	  0.333333	

URL http://jaspar.genereg.net?ID=MA0070.1&rm=present&collection=CORE

MOTIF MA0071.1 RORA_1

letter-probability matrix: alength= 4 w= 10 nsites= 25 E= 0
  0.600000	  0.040000	  0.080000	  0.280000	
  0.360000	  0.040000	  0.000000	  0.600000	
  0.240000	  0.480000	  0.160000	  0.120000	
  0.440000	  0.080000	  0.200000	  0.280000	
  0.840000	  0.000000	  0.160000	  0.000000	
  0.000000	  0.000000	  1.000000	  0.000000	
  0.000000	  0.000000	  1.000000	  0.000000	
  0.000000	  0.000000	  0.000000	  1.000000	
  0.000000	  1.000000	  0.000000	  0.000000	
  1.000000	  0.000000	  0.000000	  0.000000	

URL http://jaspar.genereg.net?ID=MA0071.1&rm=present&collection=CORE

MOTIF MA0072.1 RORA_2

letter-probability matrix: alength= 4 w= 14 nsites= 36 E= 0
  0.250000	  0.222222	  0.222222	  0.305556	
  0.472222	  0.055556	  0.194444	  0.277778	
  0.416667	  0.000000	  0.083333	  0.500000	
  0.972222	  0.027778	  0.000000	  0.000000	
  0.638889	  0.000000	  0.000000	  0.361111	
  0.055556	  0.333333	  0.361111	  0.250000	
  0.000000	  0.000000	  0.000000	  1.000000	
  0.777778	  0.000000	  0.222222	  0.000000	
  0.000000	  0.000000	  1.000000	  0.000000	
  0.000000	  0.000000	  1.000000	  0.000000	
  0.000000	  0.000000	  0.000000	  1.000000	
  0.000000	  1.000000	  0.000000	  0.000000	
  1.000000	  0.000000	  0.000000	  0.000000	
  0.416667	  0.166667	  0.277778	  0.138889	

URL http://jaspar.genereg.net?ID=MA0072.1&rm=present&collection=CORE

MOTIF MA0073.1 RREB1

letter-probability matrix: alength= 4 w= 20 nsites= 11 E= 0
  0.272727	  0.727273	  0.000000	  0.000000	
  0.090909	  0.909091	  0.000000	  0.000000	
  0.272727	  0.727273	  0.000000	  0.000000	
  0.000000	  1.000000	  0.000000	  0.000000	
  0.636364	  0.363636	  0.000000	  0.000000	
  0.818182	  0.181818	  0.000000	  0.000000	
  0.727273	  0.272727	  0.000000	  0.000000	
  0.363636	  0.545455	  0.000000	  0.090909	
  0.000000	  1.000000	  0.000000	  0.000000	
  1.000000	  0.000000	  0.000000	  0.000000	
  0.363636	  0.636364	  0.000000	  0.000000	
  0.090909	  0.909091	  0.000000	  0.000000	
  0.272727	  0.727273	  0.000000	  0.000000	
  0.363636	  0.545455	  0.090909	  0.000000	
  0.181818	  0.818182	  0.000000	  0.000000	
  0.363636	  0.454545	  0.000000	  0.181818	
  0.363636	  0.454545	  0.090909	  0.090909	
  0.363636	  0.545455	  0.000000	  0.090909	
  0.090909	  0.636364	  0.272727	  0.000000	
  0.363636	  0.363636	  0.181818	  0.090909	

URL http://jaspar.genereg.net?ID=MA0073.1&rm=present&collection=CORE

MOTIF MA0074.1 RXRA::VDR

letter-probability matrix: alength= 4 w= 15 nsites= 10 E= 0
  0.300000	  0.000000	  0.700000	  0.000000	
  0.000000	  0.000000	  1.000000	  0.000000	
  0.000000	  0.000000	  0.900000	  0.100000	
  0.000000	  0.000000	  0.000000	  1.000000	
  0.000000	  0.900000	  0.000000	  0.100000	
  0.900000	  0.000000	  0.100000	  0.000000	
  0.400000	  0.200000	  0.000000	  0.400000	
  0.200000	  0.400000	  0.200000	  0.200000	
  0.200000	  0.000000	  0.800000	  0.000000	
  0.500000	  0.000000	  0.500000	  0.000000	
  0.000000	  0.000000	  1.000000	  0.000000	
  0.000000	  0.000000	  0.000000	  1.000000	
  0.100000	  0.000000	  0.000000	  0.900000	
  0.000000	  0.900000	  0.000000	  0.100000	
  0.700000	  0.100000	  0.200000	  0.000000	

URL http://jaspar.genereg.net?ID=MA0074.1&rm=present&collection=CORE

MOTIF MA0075.1 Prrx2

letter-probability matrix: alength= 4 w= 5 nsites= 59 E= 0
  0.881356	  0.033898	  0.067797	  0.016949	
  1.000000	  0.000000	  0.000000	  0.000000	
  0.000000	  0.000000	  0.016949	  0.983051	
  0.000000	  0.000000	  0.000000	  1.000000	
  0.983051	  0.000000	  0.016949	  0.000000	

URL http://jaspar.genereg.net?ID=MA0075.1&rm=present&collection=CORE

MOTIF MA0077.1 SOX9

letter-probability matrix: alength= 4 w= 9 nsites= 76 E= 0
  0.039474	  0.723684	  0.118421	  0.118421	
  0.105263	  0.500000	  0.078947	  0.315789	
  0.934211	  0.013158	  0.000000	  0.052632	
  0.026316	  0.013158	  0.026316	  0.934211	
  0.092105	  0.000000	  0.052632	  0.855263	
  0.026316	  0.026316	  0.947368	  0.000000	
  0.171053	  0.000000	  0.052632	  0.776316	
  0.118421	  0.092105	  0.078947	  0.710526	
  0.184211	  0.407895	  0.092105	  0.315789	

URL http://jaspar.genereg.net?ID=MA0077.1&rm=present&collection=CORE

MOTIF MA0078.1 Sox17

letter-probability matrix: alength= 4 w= 9 nsites= 31 E= 0
  0.225806	  0.290323	  0.193548	  0.290323	
  0.258065	  0.258065	  0.129032	  0.354839	
  0.096774	  0.580645	  0.032258	  0.290323	
  0.967742	  0.000000	  0.000000	  0.032258	
  0.000000	  0.032258	  0.000000	  0.967742	
  0.000000	  0.000000	  0.000000	  1.000000	
  0.000000	  0.000000	  1.000000	  0.000000	
  0.000000	  0.000000	  0.064516	  0.935484	
  0.000000	  0.548387	  0.322581	  0.129032	

URL http://jaspar.genereg.net?ID=MA0078.1&rm=present&collection=CORE

MOTIF MA0081.1 SPIB

letter-probability matrix: alength= 4 w= 7 nsites= 49 E= 0
  0.632653	  0.000000	  0.000000	  0.367347	
  0.081633	  0.285714	  0.591837	  0.040816	
  0.489796	  0.326531	  0.142857	  0.040816	
  0.040816	  0.000000	  0.959184	  0.000000	
  0.020408	  0.000000	  0.959184	  0.020408	
  0.979592	  0.000000	  0.000000	  0.020408	
  0.959184	  0.000000	  0.000000	  0.040816	

URL http://jaspar.genereg.net?ID=MA0081.1&rm=present&collection=CORE

MOTIF MA0084.1 SRY

letter-probability matrix: alength= 4 w= 9 nsites= 28 E= 0
  0.178571	  0.178571	  0.357143	  0.285714	
  0.285714	  0.107143	  0.142857	  0.464286	
  0.535714	  0.000000	  0.107143	  0.357143	
  0.642857	  0.107143	  0.107143	  0.142857	
  0.892857	  0.000000	  0.000000	  0.107143	
  0.000000	  0.928571	  0.000000	  0.071429	
  1.000000	  0.000000	  0.000000	  0.000000	
  0.964286	  0.000000	  0.035714	  0.000000	
  0.250000	  0.000000	  0.071429	  0.678571	

URL http://jaspar.genereg.net?ID=MA0084.1&rm=present&collection=CORE

MOTIF MA0087.1 Sox5

letter-probability matrix: alength= 4 w= 7 nsites= 23 E= 0
  1.000000	  0.000000	  0.000000	  0.000000	
  0.000000	  0.000000	  0.043478	  0.956522	
  0.000000	  0.000000	  0.000000	  1.000000	
  0.043478	  0.000000	  0.956522	  0.000000	
  0.000000	  0.043478	  0.000000	  0.956522	
  0.043478	  0.043478	  0.000000	  0.913043	
  0.347826	  0.130435	  0.173913	  0.347826	

URL http://jaspar.genereg.net?ID=MA0087.1&rm=present&collection=CORE

MOTIF MA0088.1 znf143

letter-probability matrix: alength= 4 w= 20 nsites= 10 E= 0
  0.000000	  0.300000	  0.400000	  0.300000	
  0.600000	  0.200000	  0.100000	  0.100000	
  0.200000	  0.300000	  0.100000	  0.400000	
  0.000000	  0.300000	  0.200000	  0.500000	
  0.200000	  0.100000	  0.000000	  0.700000	
  0.100000	  0.700000	  0.000000	  0.200000	
  0.000000	  1.000000	  0.000000	  0.000000	
  0.000000	  1.000000	  0.000000	  0.000000	
  0.900000	  0.100000	  0.000000	  0.000000	
  0.000000	  0.100000	  0.400000	  0.500000	
  0.400000	  0.400000	  0.200000	  0.000000	
  0.600000	  0.200000	  0.200000	  0.000000	
  0.000000	  0.000000	  0.100000	  0.900000	
  0.000000	  0.100000	  0.600000	  0.300000	
  0.000000	  1.000000	  0.000000	  0.000000	
  0.400000	  0.500000	  0.000000	  0.100000	
  0.300000	  0.100000	  0.100000	  0.500000	
  0.200000	  0.300000	  0.000000	  0.500000	
  0.100000	  0.100000	  0.700000	  0.100000	
  0.300000	  0.600000	  0.100000	  0.000000	

URL http://jaspar.genereg.net?ID=MA0088.1&rm=present&collection=CORE

MOTIF MA0089.1 NFE2L1::MafG

letter-probability matrix: alength= 4 w= 6 nsites= 34 E= 0
  0.205882	  0.323529	  0.294118	  0.176471	
  0.852941	  0.058824	  0.088235	  0.000000	
  0.000000	  0.000000	  0.000000	  1.000000	
  0.029412	  0.000000	  0.941176	  0.029412	
  1.000000	  0.000000	  0.000000	  0.000000	
  0.000000	  0.764706	  0.058824	  0.176471	

URL http://jaspar.genereg.net?ID=MA0089.1&rm=present&collection=CORE

MOTIF MA0090.1 TEAD1

letter-probability matrix: alength= 4 w= 12 nsites= 12 E= 0
  0.083333	  0.500000	  0.083333	  0.333333	
  0.750000	  0.000000	  0.250000	  0.000000	
  0.000000	  1.000000	  0.000000	  0.000000	
  1.000000	  0.000000	  0.000000	  0.000000	
  0.000000	  0.000000	  0.000000	  1.000000	
  0.000000	  0.000000	  0.000000	  1.000000	
  0.000000	  1.000000	  0.000000	  0.000000	
  0.000000	  0.916667	  0.000000	  0.083333	
  0.416667	  0.000000	  0.000000	  0.583333	
  0.083333	  0.583333	  0.333333	  0.000000	
  0.166667	  0.333333	  0.250000	  0.250000	
  0.000000	  0.166667	  0.666667	  0.166667	

URL http://jaspar.genereg.net?ID=MA0090.1&rm=present&collection=CORE

MOTIF MA0091.1 TAL1::TCF3

letter-probability matrix: alength= 4 w= 12 nsites= 44 E= 0
  0.295455	  0.318182	  0.181818	  0.204545	
  0.204545	  0.227273	  0.454545	  0.113636	
  0.886364	  0.000000	  0.068182	  0.045455	
  0.454545	  0.545455	  0.000000	  0.000000	
  0.000000	  0.977273	  0.022727	  0.000000	
  1.000000	  0.000000	  0.000000	  0.000000	
  0.000000	  0.022727	  0.250000	  0.727273	
  0.272727	  0.727273	  0.000000	  0.000000	
  0.000000	  0.000000	  0.000000	  1.000000	
  0.000000	  0.000000	  0.977273	  0.022727	
  0.000000	  0.068182	  0.454545	  0.477273	
  0.090909	  0.090909	  0.045455	  0.772727	

URL http://jaspar.genereg.net?ID=MA0091.1&rm=present&collection=CORE

MOTIF MA0092.1 Hand1::Tcfe2a

letter-probability matrix: alength= 4 w= 10 nsites= 29 E= 0
  0.137931	  0.275862	  0.344828	  0.241379	
  0.344828	  0.000000	  0.517241	  0.137931	
  0.068966	  0.068966	  0.034483	  0.827586	
  0.000000	  0.965517	  0.000000	  0.034483	
  0.000000	  0.000000	  0.000000	  1.000000	
  0.000000	  0.000000	  1.000000	  0.000000	
  0.000000	  0.103448	  0.862069	  0.034483	
  0.310345	  0.482759	  0.034483	  0.172414	
  0.551724	  0.000000	  0.103448	  0.344828	
  0.172414	  0.137931	  0.137931	  0.551724	

URL http://jaspar.genereg.net?ID=MA0092.1&rm=present&collection=CORE

MOTIF MA0101.1 REL

letter-probability matrix: alength= 4 w= 10 nsites= 17 E= 0
  0.000000	  0.294118	  0.470588	  0.235294	
  0.000000	  0.058824	  0.882353	  0.058824	
  0.058824	  0.000000	  0.882353	  0.058824	
  0.294118	  0.058824	  0.529412	  0.117647	
  0.352941	  0.294118	  0.176471	  0.176471	
  0.294118	  0.058824	  0.058824	  0.588235	
  0.058824	  0.000000	  0.000000	  0.941176	
  0.117647	  0.000000	  0.000000	  0.882353	
  0.000000	  0.882353	  0.000000	  0.117647	
  0.058824	  0.941176	  0.000000	  0.000000	

URL http://jaspar.genereg.net?ID=MA0101.1&rm=present&collection=CORE

MOTIF MA0107.1 RELA

letter-probability matrix: alength= 4 w= 10 nsites= 18 E= 0
  0.000000	  0.222222	  0.611111	  0.166667	
  0.000000	  0.000000	  0.944444	  0.055556	
  0.000000	  0.000000	  1.000000	  0.000000	
  0.611111	  0.000000	  0.388889	  0.000000	
  0.555556	  0.166667	  0.222222	  0.055556	
  0.111111	  0.000000	  0.000000	  0.888889	
  0.000000	  0.000000	  0.000000	  1.000000	
  0.000000	  0.111111	  0.000000	  0.888889	
  0.000000	  1.000000	  0.000000	  0.000000	
  0.000000	  1.000000	  0.000000	  0.000000	

URL http://jaspar.genereg.net?ID=MA0107.1&rm=present&collection=CORE

MOTIF MA0108.2 TBP

letter-probability matrix: alength= 4 w= 15 nsites= 389 E= 0
  0.156812	  0.372751	  0.390746	  0.079692	
  0.041131	  0.118252	  0.046272	  0.794344	
  0.904884	  0.000000	  0.005141	  0.089974	
  0.007712	  0.025707	  0.005141	  0.961440	
  0.910026	  0.000000	  0.012853	  0.077121	
  0.688946	  0.000000	  0.000000	  0.311054	
  0.925450	  0.007712	  0.051414	  0.015424	
  0.570694	  0.005141	  0.113111	  0.311054	
  0.398458	  0.113111	  0.403599	  0.084833	
  0.143959	  0.347044	  0.385604	  0.123393	
  0.213368	  0.377892	  0.329049	  0.079692	
  0.210797	  0.326478	  0.329049	  0.133676	
  0.210797	  0.303342	  0.329049	  0.156812	
  0.174807	  0.275064	  0.357326	  0.192802	
  0.197943	  0.259640	  0.359897	  0.182519	

URL http://jaspar.genereg.net?ID=MA0108.2&rm=present&collection=CORE

MOTIF MA0109.1 Hltf

letter-probability matrix: alength= 4 w= 10 nsites= 56 E= 0
  0.313725	  0.196078	  0.235294	  0.254902	
  0.377358	  0.226415	  0.094340	  0.301887	
  0.440678	  0.559322	  0.000000	  0.000000	
  0.000000	  1.000000	  0.000000	  0.000000	
  0.423729	  0.000000	  0.000000	  0.576271	
  0.000000	  0.000000	  0.000000	  1.000000	
  0.406780	  0.084746	  0.203390	  0.305085	
  0.000000	  0.000000	  0.372881	  0.627119	
  0.294118	  0.274510	  0.274510	  0.156863	
  0.244898	  0.244898	  0.204082	  0.306122	

URL http://jaspar.genereg.net?ID=MA0109.1&rm=present&collection=CORE

MOTIF MA0111.1 Spz1

letter-probability matrix: alength= 4 w= 11 nsites= 12 E= 0
  0.750000	  0.000000	  0.250000	  0.000000	
  0.000000	  0.166667	  0.750000	  0.083333	
  0.166667	  0.000000	  0.833333	  0.000000	
  0.000000	  0.000000	  0.916667	  0.083333	
  0.083333	  0.000000	  0.083333	  0.833333	
  0.666667	  0.000000	  0.000000	  0.333333	
  0.500000	  0.000000	  0.166667	  0.333333	
  0.083333	  0.750000	  0.166667	  0.000000	
  0.833333	  0.000000	  0.166667	  0.000000	
  0.000000	  0.083333	  0.750000	  0.166667	
  0.166667	  0.666667	  0.166667	  0.000000	

URL http://jaspar.genereg.net?ID=MA0111.1&rm=present&collection=CORE

MOTIF MA0115.1 NR1H2::RXRA

letter-probability matrix: alength= 4 w= 17 nsites= 25 E= 0
  0.680000	  0.200000	  0.000000	  0.120000	
  0.680000	  0.040000	  0.200000	  0.080000	
  0.800000	  0.000000	  0.200000	  0.000000	
  0.000000	  0.000000	  1.000000	  0.000000	
  0.000000	  0.000000	  0.960000	  0.040000	
  0.000000	  0.000000	  0.000000	  1.000000	
  0.000000	  1.000000	  0.000000	  0.000000	
  1.000000	  0.000000	  0.000000	  0.000000	
  0.960000	  0.000000	  0.000000	  0.040000	
  1.000000	  0.000000	  0.000000	  0.000000	
  0.000000	  0.000000	  1.000000	  0.000000	
  0.000000	  0.000000	  1.000000	  0.000000	
  0.000000	  0.000000	  0.000000	  1.000000	
  0.000000	  1.000000	  0.000000	  0.000000	
  1.000000	  0.000000	  0.000000	  0.000000	
  0.800000	  0.040000	  0.080000	  0.080000	
  0.000000	  0.600000	  0.240000	  0.160000	

URL http://jaspar.genereg.net?ID=MA0115.1&rm=present&collection=CORE

MOTIF MA0116.1 Zfp423

letter-probability matrix: alength= 4 w= 15 nsites= 33 E= 0
  0.212121	  0.121212	  0.666667	  0.000000	
  0.000000	  0.484848	  0.515152	  0.000000	
  0.484848	  0.515152	  0.000000	  0.000000	
  0.515152	  0.484848	  0.000000	  0.000000	
  0.000000	  1.000000	  0.000000	  0.000000	
  0.000000	  1.000000	  0.000000	  0.000000	
  0.030303	  0.515152	  0.000000	  0.454545	
  0.727273	  0.000000	  0.000000	  0.272727	
  0.393939	  0.000000	  0.484848	  0.121212	
  0.000000	  0.000000	  1.000000	  0.000000	
  0.000000	  0.000000	  1.000000	  0.000000	
  0.000000	  0.000000	  0.515152	  0.484848	
  0.000000	  0.000000	  0.484848	  0.515152	
  0.000000	  0.242424	  0.484848	  0.272727	
  0.333333	  0.666667	  0.000000	  0.000000	

URL http://jaspar.genereg.net?ID=MA0116.1&rm=present&collection=CORE

MOTIF MA0117.1 Mafb

letter-probability matrix: alength= 4 w= 8 nsites= 15 E= 0
  0.000000	  0.000000	  1.000000	  0.000000	
  0.066667	  0.800000	  0.066667	  0.066667	
  0.000000	  0.200000	  0.066667	  0.733333	
  0.066667	  0.000000	  0.800000	  0.133333	
  0.800000	  0.133333	  0.000000	  0.066667	
  0.200000	  0.533333	  0.066667	  0.200000	
  0.200000	  0.066667	  0.466667	  0.266667	
  0.133333	  0.333333	  0.333333	  0.200000	

URL http://jaspar.genereg.net?ID=MA0117.1&rm=present&collection=CORE

MOTIF MA0119.1 TLX1::NFIC

letter-probability matrix: alength= 4 w= 14 nsites= 16 E= 0
  0.000000	  0.000000	  0.000000	  1.000000	
  0.000000	  0.000000	  1.000000	  0.000000	
  0.000000	  0.000000	  1.000000	  0.000000	
  0.000000	  1.000000	  0.000000	  0.000000	
  0.875000	  0.062500	  0.000000	  0.062500	
  0.125000	  0.500000	  0.312500	  0.062500	
  0.125000	  0.500000	  0.250000	  0.125000	
  0.437500	  0.062500	  0.312500	  0.187500	
  0.250000	  0.187500	  0.125000	  0.437500	
  0.000000	  0.000000	  1.000000	  0.000000	
  0.000000	  1.000000	  0.000000	  0.000000	
  0.000000	  1.000000	  0.000000	  0.000000	
  1.000000	  0.000000	  0.000000	  0.000000	
  0.875000	  0.000000	  0.062500	  0.062500	

URL http://jaspar.genereg.net?ID=MA0119.1&rm=present&collection=CORE

MOTIF MA0122.1 Nkx3-2

letter-probability matrix: alength= 4 w= 9 nsites= 24 E= 0
  0.166667	  0.291667	  0.166667	  0.375000	
  0.041667	  0.166667	  0.208333	  0.583333	
  0.541667	  0.041667	  0.291667	  0.125000	
  1.000000	  0.000000	  0.000000	  0.000000	
  0.000000	  0.000000	  1.000000	  0.000000	
  0.000000	  0.000000	  0.000000	  1.000000	
  0.250000	  0.000000	  0.750000	  0.000000	
  0.166667	  0.250000	  0.500000	  0.083333	
  0.375000	  0.291667	  0.208333	  0.125000	

URL http://jaspar.genereg.net?ID=MA0122.1&rm=present&collection=CORE

MOTIF MA0124.1 NKX3-1

letter-probability matrix: alength= 4 w= 7 nsites= 20 E= 0
  0.650000	  0.050000	  0.150000	  0.150000	
  0.000000	  0.050000	  0.000000	  0.950000	
  1.000000	  0.000000	  0.000000	  0.000000	
  0.000000	  0.950000	  0.000000	  0.050000	
  0.050000	  0.000000	  0.000000	  0.950000	
  0.050000	  0.000000	  0.000000	  0.950000	
  0.950000	  0.000000	  0.050000	  0.000000	

URL http://jaspar.genereg.net?ID=MA0124.1&rm=present&collection=CORE

MOTIF MA0125.1 Nobox

letter-probability matrix: alength= 4 w= 8 nsites= 38 E= 0
  0.000000	  0.026316	  0.000000	  0.973684	
  0.947368	  0.000000	  0.000000	  0.052632	
  1.000000	  0.000000	  0.000000	  0.000000	
  0.026316	  0.026316	  0.052632	  0.894737	
  0.052632	  0.000000	  0.105263	  0.842105	
  0.394737	  0.000000	  0.578947	  0.026316	
  0.105263	  0.315789	  0.473684	  0.105263	
  0.052632	  0.342105	  0.157895	  0.447368	

URL http://jaspar.genereg.net?ID=MA0125.1&rm=present&collection=CORE

MOTIF MA0130.1 ZNF354C

letter-probability matrix: alength= 4 w= 6 nsites= 16 E= 0
  0.437500	  0.375000	  0.187500	  0.000000	
  0.187500	  0.125000	  0.000000	  0.687500	
  0.000000	  1.000000	  0.000000	  0.000000	
  0.000000	  1.000000	  0.000000	  0.000000	
  1.000000	  0.000000	  0.000000	  0.000000	
  0.000000	  0.937500	  0.062500	  0.000000	

URL http://jaspar.genereg.net?ID=MA0130.1&rm=present&collection=CORE

MOTIF MA0131.1 HINFP

letter-probability matrix: alength= 4 w= 10 nsites= 20 E= 0
  0.100000	  0.300000	  0.250000	  0.350000	
  0.650000	  0.050000	  0.000000	  0.300000	
  1.000000	  0.000000	  0.000000	  0.000000	
  0.100000	  0.850000	  0.050000	  0.000000	
  0.000000	  0.000000	  0.950000	  0.050000	
  0.000000	  0.050000	  0.000000	  0.950000	
  0.000000	  0.950000	  0.000000	  0.050000	
  0.000000	  0.900000	  0.100000	  0.000000	
  0.000000	  0.000000	  0.950000	  0.050000	
  0.100000	  0.650000	  0.050000	  0.200000	

URL http://jaspar.genereg.net?ID=MA0131.1&rm=present&collection=CORE

MOTIF MA0132.1 Pdx1

letter-probability matrix: alength= 4 w= 6 nsites= 31 E= 0
  0.032258	  0.612903	  0.161290	  0.193548	
  0.000000	  0.000000	  0.000000	  1.000000	
  1.000000	  0.000000	  0.000000	  0.000000	
  1.000000	  0.000000	  0.000000	  0.000000	
  0.000000	  0.000000	  0.032258	  0.967742	
  0.032258	  0.032258	  0.322581	  0.612903	

URL http://jaspar.genereg.net?ID=MA0132.1&rm=present&collection=CORE

MOTIF MA0133.1 BRCA1

letter-probability matrix: alength= 4 w= 7 nsites= 43 E= 0
  0.348837	  0.255814	  0.232558	  0.162791	
  0.093023	  0.813953	  0.046512	  0.046512	
  0.953488	  0.023256	  0.023256	  0.000000	
  0.837209	  0.046512	  0.093023	  0.023256	
  0.162791	  0.674419	  0.139535	  0.023256	
  0.441860	  0.325581	  0.162791	  0.069767	
